n_obs: 10
data_preparation: 61.84838914871216
writing: 1.791304111480713
reading: 0.13901519775390625
data_fitting: 172.5582799911499
flux_point: 28.110443830490112
