n_obs: 10
data_preparation: 4.760302305221558
writing: 1.1188786029815674
reading: 1.6390380859375
data_fitting: 1.0940890312194824
flux_point: 12.557041883468628
