n_obs: 10
data_preparation: 33.66337490081787
writing: 0.16124629974365234
reading: 0.036097049713134766
data_fitting: 3.2447686195373535
flux_point: 0.8775951862335205
