data_preparation: 12.605775356292725
run_asmooth: 0.9315958023071289
compute_correlations: 0.06572890281677246
compute_ExcessProfileEstimator: 0.06496834754943848
