n_obs: 10
data_loading: 0.028606176376342773
filling: 0.7512145042419434
writing: 0.1564030647277832
