data_preparation: 0.18481898307800293
run_asmooth: 0.7422482967376709
TSmap_estimator: 17.8458468914032
