n_iterations: 10
n_sources: 10
simulations: 0.06301259994506836
npred computation: 31.848485708236694
