n_obs: 10
data_preparation: 4.824302434921265
writing: 0.0956718921661377
reading: 0.10984468460083008
data_fitting: 0.12859177589416504
flux_point: 1.6986446380615234
